71 79
74 74
78 78
85 78
90 80
97 78
106 80
117 76
125 80
133 75
137 81
146 84
152 88
151 89
164 90
168 93
181 96
184 104
197 103
206 111
216 118
224 124
235 129
237 138
243 140
251 145
250 164
245 173
247 181
239 199
254 204
262 206
272 210
264 223
248 248
245 261
222 288
216 300
217 301
207 315
202 327
190 341
177 353
162 364
156 371
153 359
136 372
124 381
128 375
117 383
107 372
99 368
82 368
72 374
73 363
64 350
56 342
58 327
53 317
47 315
49 303
46 277
39 271
39 255
39 242
39 235
36 233
36 218
30 209
30 198
37 183
37 179
38 169
41 160
36 161
35 152
35 140
35 131
40 124
38 119
36 122
38 117
40 114
43 108
47 104
49 100
52 95
55 95
59 92
65 85
66 82
67 82
69 80
71 70
80 67
85 66
87 65
90 64
98 63
111 61
116 63
124 63
136 63
143 67
148 67
163 70
173 70
179 77
189 78
195 85
203 82
218 87
223 99
229 110
238 119
254 126
258 136
264 145
257 160
254 173
259 193
250 207
248 222
246 236
243 252
241 258
230 269
212 287
202 297
190 318
170 335
158 351
147 353
135 354
121 351
114 346
100 346
96 337
89 330
78 323
75 316
75 311
68 297
54 299
47 292
52 279
50 266
44 256
39 246
35 241
35 234
29 223
25 209
24 193
23 188
24 181
26 172
24 164
29 154
33 142
36 138
38 131
34 131
37 123
38 108
42 108
45 106
47 97
46 97
40 101
37 101
34 97
37 90
34 91
35 85
37 85
42 77
47 73
51 69
48 74
49 67
51 65
49 67
54 65
55 64
56 59
66 54
77 49
80 46
80 48
90 51
102 48
110 50
114 54
120 53
126 56
141 56
155 59
167 59
174 62
186 63
203 63
218 68
228 75
242 77
254 85
270 87
280 97
299 101
316 116
327 128
331 154
331 172
341 188
339 209
338 237
332 258
331 290
326 303
310 337
279 372
258 408
230 429
212 437
192 439
172 449
164 453
155 461
134 465
120 469
101 464
77 467
73 458
67 445
60 438
56 420
53 405
50 391
44 379
38 365
41 352
36 341
32 323
32 311
31 299
29 293
29 285
24 281
26 267
28 253
31 242
29 231
29 224
24 223
21 210
24 198
23 187
25 177
23 170
22 163
23 158
24 156
24 147
24 130
24 124
25 118
29 114
30 108
32 105
29 103
29 97
30 93
28 96
29 92
31 90
31 90
33 83
30 83
32 77
37 72
46 68
48 65
52 61
52 60
57 60
64 59
69 59
77 56
83 56
87 53
93 47
99 45
104 49
104 50
109 50
124 50
136 53
146 56
150 63
159 64
168 71
173 78
188 85
204 83
212 91
215 99
226 103
232 114
239 128
243 140
270 146
283 148
289 157
296 171
300 190
293 229
285 250
268 278
255 299
253 312
242 331
214 357
193 373
168 391
143 402
132 402
133 401
125 399
107 403
95 398
86 394
83 376
80 366
80 357
68 355
62 349
60 334
51 324
48 312
51 298
49 288
49 266
50 247
48 235
51 224
51 212
46 204
43 197
43 179
43 170
41 165
40 156
37 149
41 142
43 133
43 131
46 126
53 119
55 116
59 107
66 103
71 98
78 94
90 88
92 84
96 79
102 73
106 75
113 75
122 81
125 81
133 85
145 85
153 86
169 89
182 93
197 96
216 96
232 100
239 106
251 108
260 117
265 127
285 134
293 153
286 174
294 178
292 193
292 203
292 220
304 232
300 255
285 289
262 319
260 331
248 348
232 372
216 386
171 409
160 414
162 404
148 407
137 405
124 403
114 406
92 411
73 416
68 405
68 390
55 374
47 354
41 344
36 327
33 313
37 300
36 289
32 275
27 269
27 262
24 252
24 242
25 229
26 223
27 212
24 205
23 199
24 191
22 188
22 172
23 166
20 158
20 148
18 143
20 133
19 128
19 121
23 110
24 105
23 103
25 95
28 90
30 87
35 84
39 78
41 79
43 74
46 69
46 69
50 69
57 66
57 61
63 61
65 64
71 61
79 59
79 59
75 65
81 64
88 60
96 58
102 61
107 63
114 63
126 63
132 65
147 63
159 64
183 61
195 66
214 71
220 77
251 79
266 82
281 82
293 90
313 100
337 111
367 119
386 133
387 159
400 172
427 202
413 246
404 273
387 315
365 348
332 386
292 431
259 464
239 493
204 517
169 543
130 553
114 546
111 537
88 542
80 527
72 517
64 515
49 503
42 483
34 466
29 447
27 427
26 402
25 383
22 360
19 345
20 333
19 312
17 285
15 275
13 263
9 257
9 240
9 221
8 210
7 200
8 184
9 174
7 168
7 158
7 149
7 139
8 134
9 120
8 113
8 106
9 99
10 92
11 84
12 79
11 74
10 69
9 63
9 59
12 56
12 52
12 50
11 47
11 44
13 44
13 43
14 44
14 40
15 40
16 39
19 35
23 32
22 30
24 27
25 24
29 23
34 22
37 23
43 18
45 20
49 18
55 18
62 18
70 18
80 17
91 16
100 16
106 18
115 19
129 19
145 20
164 22
187 23
203 25
213 25
240 26
264 28
274 31
292 29
316 32
332 34
365 41
396 45
438 56
460 71
480 89
520 101
551 116
575 139
586 169
585 227
558 304
553 352
542 400
467 505
393 590
326 650
254 715
190 748
138 758
105 757
78 757
66 735
48 730
43 708
36 676
31 645
21 620
19 588
15 551
15 509
16 478
14 439
15 421
13 400
12 389
14 368
16 339
13 328
9 315
10 297
9 280
8 267
9 253
9 237
8 226
9 211
11 206
11 201
10 197
9 189
10 172
10 166
8 158
9 147
8 141
11 128
11 126
11 114
10 109
10 102
11 98
13 89
16 87
16 83
19 79
20 74
21 72
24 68
29 64
33 61
33 61
35 59
41 56
44 55
46 50
51 49
51 46
52 45
56 44
59 42
66 39
71 39
80 36
80 37
93 37
96 40
100 40
101 43
103 47
108 49
120 49
127 53
138 52
154 53
169 55
175 59
188 58
206 59
224 62
239 66
262 67
281 72
298 80
311 96
329 101
337 114
341 137
347 150
352 165
369 180
371 204
380 226
381 248
367 286
367 319
327 368
289 401
256 432
228 461
200 483
159 514
135 518
111 518
92 516
75 510
62 503
53 490
36 486
30 475
25 451
26 427
25 405
26 380
26 355
28 338
25 326
24 308
22 298
19 287
17 271
19 253
16 243
17 231
19 214
17 203
19 192
19 182
21 170
23 161
22 155
21 149
19 147
20 141
17 137
15 134
18 127
17 120
19 117
19 110
17 108
16 104
17 99
16 91
17 89
20 84
19 83
19 78
22 76
22 70
25 64
27 62
29 59
32 56
36 54
34 54
42 50
46 46
48 43
50 44
56 40
66 37
71 34
81 32
87 32
97 33
111 29
127 26
137 27
141 29
150 31
169 34
180 34
198 32
207 38
226 40
238 42
252 45
288 47
308 47
335 47
358 54
388 61
412 66
456 71
479 82
512 94
535 118
529 160
517 200
520 236
523 267
481 333
439 396
396 441
355 492
312 546
262 604
196 652
150 676
114 678
90 684
72 668
61 633
49 607
43 587
34 565
23 543
23 522
17 495
13 465
13 445
8 416
7 400
6 365
6 350
5 334
5 322
5 299
6 290
8 275
8 256
5 240
7 232
6 223
6 212
7 192
8 181
7 173
6 162
9 146
10 142
11 132
10 128
11 123
12 109
11 102
12 100
15 94
16 91
17 87
20 85
20 78
19 78
20 74
17 74
18 70
21 65
24 63
26 61
28 61
27 58
33 56
38 53
41 50
44 46
50 45
54 39
58 37
61 37
64 35
71 33
81 30
85 29
93 27
99 30
106 31
118 31
122 35
124 36
138 38
139 44
156 45
165 48
173 52
180 53
190 57
199 61
221 59
234 65
247 69
269 71
294 77
307 93
333 106
344 116
364 124
372 142
388 163
364 200
349 242
340 277
332 301
307 339
275 372
251 407
230 433
208 452
175 484
147 497
129 509
111 512
101 508
87 498
71 488
51 484
35 471
32 449
27 427
25 402
24 385
22 362
20 340
18 324
18 302
17 280
15 263
17 250
18 238
20 226
20 221
17 212
20 203
22 190
21 184
20 173
19 165
19 156
20 148
23 140
24 130
24 124
25 122
26 114
27 104
29 96
30 95
27 93
26 87
31 82
33 76
37 74
40 71
40 68
42 64
44 60
49 58
53 52
61 52
61 54
65 51
72 49
75 48
79 48
88 46
97 47
100 47
105 43
120 42
122 44
134 44
139 49
149 47
160 51
175 50
183 55
195 60
206 65
217 71
228 72
246 74
261 84
266 92
293 96
323 93
341 101
377 108
386 126
420 140
420 171
421 209
419 244
410 268
387 308
373 343
343 395
321 430
284 469
255 492
223 524
179 546
156 546
128 555
108 547
95 530
87 518
79 509
60 500
63 475
52 454
45 424
40 403
41 379
40 358
38 333
40 322
39 308
39 297
38 288
36 275
36 263
31 256
31 243
32 228
27 221
25 210
26 202
24 193
24 181
25 166
24 154
27 143
27 139
29 133
32 122
37 113
38 111
40 105
43 96
44 95
45 93
49 90
48 89
50 84
54 82
56 78
62 75
65 74
69 68
68 70
74 71
78 69
84 69
92 69
102 65
107 64
115 61
124 60
142 57
150 57
164 58
170 57
180 57
194 57
209 58
235 58
260 61
288 61
309 70
342 82
364 83
376 104
395 124
426 141
428 174
443 200
437 231
416 274
418 313
389 356
351 414
300 458
281 497
232 549
191 577
151 587
115 586
102 588
85 575
76 559
58 564
43 554
36 525
23 517
18 489
16 466
14 439
15 410
12 389
11 366
10 338
8 318
8 308
7 300
6 287
6 269
6 256
5 244
5 228
3 222
4 211
4 198
4 189
4 172
4 161
4 151
5 147
5 141
5 130
6 124
7 118
7 113
6 109
6 99
6 93
5 87
7 81
9 77
9 74
10 71
11 67
10 66
10 62
12 57
11 57
11 54
14 49
15 46
16 42
17 38
18 36
19 34
23 31
24 29
24 28
23 29
28 28
31 26
32 26
34 21
37 19
45 18
48 16
52 15
56 16
60 15
68 14
77 15
86 16
96 16
105 14
120 14
129 15
142 15
152 14
165 13
183 15
195 14
217 13
239 12
270 12
295 16
332 17
378 18
423 23
467 19
517 22
551 33
596 42
639 51
708 55
751 72
788 100
829 145
841 199
835 269
789 384
674 536
538 697
414 816
316 894
218 954
143 998
104 994
75 967
61 929
47 890
36 851
29 809
25 771
22 731
18 694
15 659
13 627
11 593
9 558
7 532
6 509
4 493
3 478
2 461
1 436
1 413
1 386
1 364
1 349
1 329
1 315
1 296
1 278
1 261
1 248
2 232
2 220
2 210
3 199
3 186
4 179
4 168
4 160
4 148
3 139
5 131
7 121
8 111
8 102
10 94
10 90
9 88
10 84
10 81
10 74
11 72
13 66
17 63
18 61
18 59
18 56
19 53
21 48
26 47
27 45
31 47
32 47
33 46
41 44
42 42
47 42
50 42
54 43
60 42
66 39
78 38
85 36
96 35
106 36
114 35
122 34
132 37
142 41
155 44
165 46
180 45
192 46
210 45
219 51
240 51
250 54
266 56
285 57
311 63
337 61
359 76
371 92
384 106
393 123
414 134
427 150
429 189
434 216
401 279
389 303
375 334
351 373
306 417
261 462
237 481
202 501
173 513
144 528
120 533
109 515
86 525
73 508
68 493
50 480
46 455
54 430
47 430
40 416
37 403
35 389
35 370
37 354
32 340
29 325
28 307
27 287
26 272
25 262
27 249
30 238
26 228
21 224
22 215
20 208
23 199
20 190
21 182
21 178
20 170
22 163
22 156
24 147
24 141
23 139
25 137
23 134
25 127
27 123
30 114
32 107
34 102
38 95
39 91
40 86
43 85
48 77
49 76
48 74
54 73
64 70
67 66
74 65
73 62
76 59
82 60
88 61
99 59
102 60
106 60
112 57
121 58
142 52
149 53
161 57
168 60
181 62
199 69
210 69
236 69
264 70
288 70
309 78
324 91
339 105
359 119
370 137
372 152
381 166
377 189
376 210
369 249
349 287
324 327
302 351
285 389
258 408
243 430
217 464
177 481
157 503
132 519
112 517
103 508
92 505
77 506
69 494
57 480
42 478
29 470
22 456
22 428
19 412
17 392
16 371
14 359
11 341
11 331
13 309
11 292
10 279
7 260
6 239
8 228
6 221
8 208
8 188
9 172
9 160
10 154
11 145
9 136
7 130
6 120
5 113
5 107
5 98
3 92
3 86
3 83
3 76
4 70
4 63
3 61
4 54
5 50
6 47
5 48
5 45
5 42
5 40
5 36
6 35
6 34
7 33
7 31
7 30
7 28
7 27
8 25
9 24
10 24
11 24
11 22
14 20
17 19
17 18
18 18
21 17
21 16
23 14
26 13
30 13
31 13
35 12
37 13
40 13
44 13
48 13
52 14
58 15
60 19
69 19
72 25
80 24
85 24
89 25
101 23
116 22
128 20
141 21
146 21
163 19
181 20
195 21
214 18
233 17
250 15
278 16
301 20
337 20
364 25
387 26
421 28
469 35
516 45
558 50
603 59
666 75
707 100
721 137
736 193
711 270
661 368
583 485
486 600
391 711
329 782
219 861
157 885
96 890
76 881
58 844
47 808
37 784
26 746
21 719
17 668
18 632
17 608
14 573
12 538
8 509
6 480
5 456
7 436
8 423
6 403
6 375
4 352
2 336
1 325
1 308
0 295
0 276
0 255
0 242
0 232
0 217
0 201
0 188
0 177
0 161
0 155
0 143
0 133
0 121
0 116
0 108
0 100
0 96
0 89
0 83
0 81
0 77
0 69
0 66
0 62
0 56
0 52
0 47
0 44
0 43
0 42
0 41
0 38
0 36
0 34
0 31
0 29
0 28
0 27
0 26
0 25
0 23
0 22
0 21
0 19
0 18
0 17
0 15
0 14
0 13
0 12
0 11
0 10
0 9
0 8
0 7
